  0.000000000000   0.192145920000   0.000609600000   0.004984600000   0.006311211099   0.013893182746   0.000001049997   0.005249879708 7114328004.186376571655 5785900146.202300071716   0.000000003849   0.000000016403   0.000000007905   0.700000000000   0.700000000000   0.000208814449   9.562500000000   0.000609600000   0.004984600000
  0.032647058824   0.184234029176   0.000609600000   0.004753140238   0.005996901500   0.013283562338   0.000001033358   0.004999260539 7157240264.074563026428 5781384128.209765434265   0.000000003328   0.000000014389   0.000000006848   0.700000000000   0.700000000000   0.000187846764   9.482005882353   0.000609600000   0.004753140238
  0.065294117647   0.176322138353   0.000609600000   0.004522024585   0.005682819792   0.012679066968   0.000001011383   0.004747188979 7204113291.009713172913 5779709977.162804603577   0.000000002857   0.000000012558   0.000000005887   0.700000000000   0.700000000000   0.000167986346   8.327835294118   0.000609600000   0.004522024585
  0.097941176471   0.168410247529   0.000609600000   0.004291301540   0.005369000208   0.012074687856   0.000000982723   0.004493685109 7255525963.155523300171 5778037845.223081588745   0.000000002433   0.000000010890   0.000000005020   0.700000000000   0.700000000000   0.000149233195   7.184950000000   0.000609600000   0.004291301540
  0.130588235294   0.160498356706   0.000609600000   0.004061029163   0.005055484240   0.011475738930   0.000000946498   0.004238394755 7312176750.114631652832 5779904861.701792716980   0.000000002052   0.000000009386   0.000000004240   0.700000000000   0.700000000000   0.000131587310   6.327350735294   0.000609600000   0.004061029163
  0.163235294118   0.152586465882   0.000609600000   0.003831277560   0.004742322674   0.010878046985   0.000000901002   0.003981254035 7374916597.617264747620 5782990979.884180068970   0.000000001713   0.000000008028   0.000000003544   0.700000000000   0.700000000000   0.000115048691   5.783897058824   0.000609600000   0.003831277560
  0.195882352941   0.144674575059   0.000609600000   0.003602132169   0.004429578366   0.010285428036   0.000000844899   0.003721922156 7444793454.273420333862 5790221849.462111473083   0.000000001414   0.000000006816   0.000000002928   0.700000000000   0.700000000000   0.000099617339   5.473474264706   0.000609600000   0.003602132169
  0.228529411765   0.136762684235   0.000609600000   0.003373698201   0.004117330080   0.009697377405   0.000000776388   0.003460172200 7523113567.992980957031 5801913064.728034973145   0.000000001151   0.000000005738   0.000000002386   0.700000000000   0.700000000000   0.000085293253   5.291222058824   0.000609600000   0.003373698201
  0.261176470588   0.128850793412   0.000609600000   0.003146106708   0.003805677907   0.009114671672   0.000000691822   0.003196199004 7611527575.847341537476 5815971605.769962310791   0.000000000923   0.000000004786   0.000000001916   0.700000000000   0.700000000000   0.000072076433   5.117346323529   0.000609600000   0.003146106708
  0.293823529412   0.120938902588   0.000609600000   0.002919523035   0.003494751075   0.008537893623   0.000000592750   0.002928816279 7712154114.592209815979 5840261879.849883079529   0.000000000727   0.000000003952   0.000000001510   0.700000000000   0.700000000000   0.000059966880   4.909870588235   0.000609600000   0.002919523035
  0.326470588235   0.113027011765   0.000609600000   0.002694158824   0.003184719504   0.007968306724   0.000000476653   0.002658180602 7827761922.111408233643 5874378012.458431243896   0.000000000561   0.000000003226   0.000000001165   0.700000000000   0.700000000000   0.000048964594   4.641758823529   0.000609600000   0.002694158824
  0.359117647059   0.105115120941   0.000609600000   0.002470289437   0.002875811405   0.007406717256   0.000000341900   0.002384386789 7962046188.776934623718 5918217899.888897895813   0.000000000421   0.000000002602   0.000000000877   0.700000000000   0.700000000000   0.000039069574   4.296692647059   0.000609600000   0.002470289437
  0.391764705882   0.097203230118   0.000609600000   0.002248279891   0.002568341013   0.006855107053   0.000000195320   0.002106804535 8120062834.816312789917 5981698059.297720909119   0.000000000307   0.000000002069   0.000000000640   0.700000000000   0.700000000000   0.000030281820   3.858977205882   0.000609600000   0.002248279891
  0.424411764706   0.089291339294   0.000609600000   0.002028624572   0.002262754087   0.006315516579   0.000000042852   0.001826171702 8308939669.489874839783 6066037590.125552177429   0.000000000215   0.000000001621   0.000000000450   0.700000000000   0.700000000000   0.000022601333   3.345673529412   0.000609600000   0.002028624572
  0.457058823529   0.081379448471   0.000609600000   0.001812010131   0.001959706289   0.005790540640  -0.000000090932   0.001542965836 8539099636.537734031677 6184555703.239309310913   0.000000000143   0.000000001249   0.000000000301   0.700000000000   0.700000000000   0.000016028112   2.801113970588   0.000609600000   0.001812010131
  0.489705882353   0.073467557647   0.000609600000   0.001599419005   0.001660206486   0.005281533244  -0.000000165595   0.001259332803 8826491217.909702301025 6344118891.279772758484   0.000000000089   0.000000000945   0.000000000190   0.700000000000   0.700000000000   0.000010562158   2.250616176471   0.000609600000   0.001599419005
  0.522352941176   0.065555666824   0.000609600000   0.001392307911   0.001365899034   0.004791679866  -0.000000095652   0.000978781101 9196938387.675043106079 6564572558.152883529663   0.000000000050   0.000000000700   0.000000000111   0.700000000000   0.700000000000   0.000006203470   1.685444117647   0.000609600000   0.001392307911
  0.555000000000   0.057643776000   0.000609600000   0.001192933333   0.001079674867   0.004323610517   0.000000279308   0.000707577350 9695220321.763200759888 6879668727.441014289856   0.000000000023   0.000000000505   0.000000000058   0.700000000000   0.700000000000   0.000002952049   0.812500000000   0.000609600000   0.001192933333
