             nan   0.256026977116   0.038189772716   0.000424974573   0.005217479513              inf   0.038193069809   0.000425204427 310000000.000000000000              nan   0.000000052193              inf              inf              nan              nan   0.001389314246              nan   0.038193069809   0.000425204427
             nan   0.248383603028   0.038306762089   0.000528135459   0.005032769381              inf   0.038310336510   0.000528502686 310000000.000000000000              nan   0.000000048606              inf              inf              nan              nan   0.001347101268              nan   0.038310336510   0.000528502686
             nan   0.223898443826   0.037754146097   0.000704992089   0.004583227496              inf   0.037757977057   0.000705565380 310000000.000000000000              nan   0.000000039378              inf              inf              nan              nan   0.001220679365              nan   0.037757977057   0.000705565380
             nan   0.191422755576   0.036274127255   0.000832014308   0.004069451763              inf   0.036277976142   0.000832836202 310000000.000000000000              nan   0.000000029059              inf              inf              nan              nan   0.001054304816              nan   0.036277976142   0.000832836202
             nan   0.161648393547   0.034455599187   0.000897261778   0.003620091496              inf   0.034459256635   0.000898360484 310000000.000000000000              nan   0.000000021080              inf              inf              nan              nan   0.000901436899              nan   0.034459256635   0.000898360484
             nan   0.136959926468   0.032544590899   0.000914926070   0.003255400302              inf   0.032547856467   0.000916322087 310000000.000000000000              nan   0.000000015423              inf              inf              nan              nan   0.000773998456              nan   0.032547856467   0.000916322087
             nan   0.118116810640   0.030798216937   0.000906721221   0.002975977353              inf   0.030800993856   0.000908419065 310000000.000000000000              nan   0.000000011670              inf              inf              nan              nan   0.000675786769              nan   0.030800993856   0.000908419065
             nan   0.105102530201   0.029412898892   0.000889035517   0.002780216966              inf   0.029415254013   0.000891007751 310000000.000000000000              nan   0.000000009310              inf              inf              nan              nan   0.000606719260              nan   0.029415254013   0.000891007751
             nan   0.095767138861   0.028321090390   0.000870546745   0.002636620345              inf   0.028323139612   0.000872762692 310000000.000000000000              nan   0.000000007702              inf              inf              nan              nan   0.000556046196              nan   0.028323139612   0.000872762692
             nan   0.089137732052   0.027487447258   0.000854103991   0.002532527797              inf   0.027489332222   0.000856522126 310000000.000000000000              nan   0.000000006560              inf              inf              nan              nan   0.000518903055              nan   0.027489332222   0.000856522126
             nan   0.084568768210   0.026880185211   0.000840940798   0.002459535931              inf   0.026882047902   0.000843510829 310000000.000000000000              nan   0.000000005731              inf              inf              nan              nan   0.000492062128              nan   0.026882047902   0.000843510829
             nan   0.081557612193   0.026463160351   0.000831325196   0.002410769983              inf   0.026465117989   0.000833993068 310000000.000000000000              nan   0.000000005129              inf              inf              nan              nan   0.000473010241              nan   0.026465117989   0.000833993068
             nan   0.079806220952   0.026213217951   0.000825311159   0.002382109458              inf   0.026215356952   0.000828020606 310000000.000000000000              nan   0.000000004714              inf              inf              nan              nan   0.000460257177              nan   0.026215356952   0.000828020606
             nan   0.078895134378   0.026080820175   0.000822063214   0.002367061851              inf   0.026083175137   0.000824765415 310000000.000000000000              nan   0.000000004440              inf              inf              nan              nan   0.000451705637              nan   0.026083175137   0.000824765415
             nan   0.078435227542   0.026013405170   0.000820422885   0.002359418117              inf   0.026015963934   0.000823079477 310000000.000000000000              nan   0.000000004263              inf              inf              nan              nan   0.000445409996              nan   0.026015963934   0.000823079477
             nan   0.078252125380   0.025986608610   0.000819823219   0.002356362059              inf   0.025989335983   0.000822401089 310000000.000000000000              nan   0.000000004160              inf              inf              nan              nan   0.000440498377              nan   0.025989335983   0.000822401089
             nan   0.078207662665   0.025980444128   0.000819774850   0.002355631169              inf   0.025983290052   0.000822245405 310000000.000000000000              nan   0.000000004104              inf              inf              nan              nan   0.000436279957              nan   0.025983290052   0.000822245405
             nan   0.078201998967   0.025980109812   0.000819898867   0.002355581997              inf   0.025983016211   0.000822236739 310000000.000000000000              nan   0.000000004072              inf              inf              nan              nan   0.000432255531              nan   0.025983016211   0.000822236739
