  0.000000000000   0.048036480000   0.000152400000   0.004527400000   0.006304003482   0.013905955169   0.000001052862   0.005251058753 7099269868.069471359253 5720303266.252084732056   0.000000000968   0.000000004215   0.000000001994   0.700000000000   0.700000000000   0.000239424903   9.562500000000   0.000152400000   0.004527400000
  0.032647058824   0.046058507294   0.000152400000   0.004295940238   0.005989315755   0.013296949189   0.000001036371   0.005000473735 7140667212.146013259888 5713129407.285570144653   0.000000000838   0.000000003702   0.000000001728   0.700000000000   0.700000000000   0.000216951148   9.482005882353   0.000152400000   0.004295940238
  0.065294117647   0.044080534588   0.000152400000   0.004064824585   0.005674814390   0.012693138210   0.000001014532   0.004748436554 7185785114.518724441528 5708546224.727235794067   0.000000000720   0.000000003235   0.000000001485   0.700000000000   0.700000000000   0.000195584659   8.327835294118   0.000152400000   0.004064824585
  0.097941176471   0.042102561882   0.000152400000   0.003834101540   0.005360526440   0.012089517892   0.000000985978   0.004494968058 7235148966.975171089172 5703248536.362557411194   0.000000000614   0.000000002809   0.000000001267   0.700000000000   0.700000000000   0.000175325437   7.184950000000   0.000152400000   0.003834101540
  0.130588235294   0.040124589176   0.000152400000   0.003603829163   0.005046484470   0.011491424364   0.000000949812   0.004239712572 7289388033.547653198242 5700999561.215744018555   0.000000000518   0.000000002425   0.000000001070   0.700000000000   0.700000000000   0.000156173482   6.327350735294   0.000152400000   0.003603829163
  0.163235294118   0.038146616471   0.000152400000   0.003374077560   0.004732728034   0.010894695451   0.000000904293   0.003982606655 7349262465.353483200073 5698975374.282364845276   0.000000000433   0.000000002078   0.000000000895   0.700000000000   0.700000000000   0.000138128792   5.783897058824   0.000152400000   0.003374077560
  0.195882352941   0.036168643765   0.000152400000   0.003144932169   0.004419305667   0.010303177103   0.000000848046   0.003723307815 7415699241.959051132202 5700132828.063598632812   0.000000000358   0.000000001767   0.000000000740   0.700000000000   0.700000000000   0.000121191369   5.473474264706   0.000152400000   0.003144932169
  0.228529411765   0.034190671059   0.000152400000   0.002916498201   0.004106277585   0.009716394316   0.000000779201   0.003461588139 7489840636.883476257324 5704414515.517223358154   0.000000000292   0.000000001491   0.000000000603   0.700000000000   0.700000000000   0.000105361213   5.291222058824   0.000152400000   0.002916498201
  0.261176470588   0.032212698353   0.000152400000   0.002688906708   0.003793719441   0.009135166044   0.000000693988   0.003197640949 7573110665.232520103455 5707202393.150149345398   0.000000000235   0.000000001246   0.000000000485   0.700000000000   0.700000000000   0.000090638323   5.117346323529   0.000152400000   0.002688906708
  0.293823529412   0.030234725647   0.000152400000   0.002462323035   0.003481727625   0.008560131785   0.000000593842   0.002930277121 7667307801.748707771301 5719645232.008820533752   0.000000000186   0.000000001032   0.000000000382   0.700000000000   0.700000000000   0.000077022700   4.909870588235   0.000152400000   0.002462323035
  0.326470588235   0.028256752941   0.000152400000   0.002236958824   0.003170426916   0.007992635799   0.000000476011   0.002659650032 7774736992.037442207336 5738775706.066415786743   0.000000000144   0.000000000845   0.000000000295   0.700000000000   0.700000000000   0.000064514342   4.641758823529   0.000152400000   0.002236958824
  0.359117647059   0.026278780235   0.000152400000   0.002013089437   0.002859981820   0.007433597329   0.000000338508   0.002385850372 7898401925.094371795654 5761032255.264569282532   0.000000000109   0.000000000683   0.000000000222   0.700000000000   0.700000000000   0.000053113252   4.296692647059   0.000152400000   0.002013089437
  0.391764705882   0.024300807529   0.000152400000   0.001791079891   0.002550613843   0.006885169193   0.000000187788   0.002108241250 8042292495.754682540894 5798827366.387033462524   0.000000000080   0.000000000545   0.000000000162   0.700000000000   0.700000000000   0.000042819428   3.858977205882   0.000152400000   0.001791079891
  0.424411764706   0.022322834824   0.000152400000   0.001571424572   0.002242628704   0.006349652116   0.000000029196   0.001827553173 8211827752.690057754517 5846712459.307748794556   0.000000000057   0.000000000429   0.000000000114   0.700000000000   0.700000000000   0.000033632870   3.345673529412   0.000152400000   0.001571424572
  0.457058823529   0.020344862118   0.000152400000   0.001354810131   0.001936460977   0.005830056387  -0.000000112918   0.001544254046 8414563237.265800476074 5918661030.007918357849   0.000000000038   0.000000000332   0.000000000077   0.700000000000   0.700000000000   0.000025553578   2.801113970588   0.000152400000   0.001354810131
  0.489705882353   0.018366889412   0.000152400000   0.001142219005   0.001632750898   0.005328410584  -0.000000197156   0.001260481049 8661369986.748743057251 6011062227.779701232910   0.000000000025   0.000000000253   0.000000000048   0.700000000000   0.700000000000   0.000018581554   2.250616176471   0.000152400000   0.001142219005
  0.522352941176   0.016388916706   0.000152400000   0.000935107911   0.001332484835   0.004849085454  -0.000000130788   0.000979735534 8968507482.243719100952 6134904890.168454170227   0.000000000015   0.000000000188   0.000000000028   0.700000000000   0.700000000000   0.000012716795   1.685444117647   0.000152400000   0.000935107911
  0.555000000000   0.014410944000   0.000152400000   0.000735733333   0.001037273043   0.004396827603   0.000000280287   0.000708285998 9361528850.123540878296 6313427097.145722389221   0.000000000008   0.000000000137   0.000000000015   0.700000000000   0.700000000000   0.000007959303   0.812500000000   0.000152400000   0.000735733333
