             nan   0.255944681116   0.038192245272   0.000425146945   0.005213421441              inf   0.038193069810   0.000425204427 310000000.000000000000              nan   0.000000039119              inf              inf              nan              nan   0.001307018246              nan   0.038193069810   0.000425204427
             nan   0.248304319169   0.038309442621   0.000528410850   0.005028398814              inf   0.038310336512   0.000528502686 310000000.000000000000              nan   0.000000035679              inf              inf              nan              nan   0.001267817409              nan   0.038310336512   0.000528502686
             nan   0.223822172108   0.037757018992   0.000705422009   0.004578178028              inf   0.037757977058   0.000705565381 310000000.000000000000              nan   0.000000027422              inf              inf              nan              nan   0.001144407647              nan   0.037757977058   0.000705565381
             nan   0.191349496000   0.036277013553   0.000832630650   0.004063833882              inf   0.036277976143   0.000832836203 310000000.000000000000              nan   0.000000019103              inf              inf              nan              nan   0.000981045240              nan   0.036277976143   0.000832836203
             nan   0.161578146111   0.034458341878   0.000898085688   0.003614115976              inf   0.034459256637   0.000898360484 310000000.000000000000              nan   0.000000013174              inf              inf              nan              nan   0.000831189463              nan   0.034459256637   0.000898360484
             nan   0.136892691174   0.032547039675   0.000915972912   0.003249288146              inf   0.032547856468   0.000916322088 310000000.000000000000              nan   0.000000009268              inf              inf              nan              nan   0.000706763162              nan   0.032547856468   0.000916322088
             nan   0.118052587487   0.030800299250   0.000907994374   0.002969872974              inf   0.030800993857   0.000908419066 310000000.000000000000              nan   0.000000006816              inf              inf              nan              nan   0.000611563616              nan   0.030800993857   0.000908419066
             nan   0.105041319189   0.029414664891   0.000890514406   0.002774247313              inf   0.029415254014   0.000891007752 310000000.000000000000              nan   0.000000005354              inf              inf              nan              nan   0.000545508248              nan   0.029415254014   0.000891007752
             nan   0.095708939990   0.028322626996   0.000872208369   0.002630884142              inf   0.028323139613   0.000872762693 310000000.000000000000              nan   0.000000004406              inf              inf              nan              nan   0.000497847325              nan   0.028323139613   0.000872762693
             nan   0.089082545322   0.027488860690   0.000855917219   0.002527123154              inf   0.027489332223   0.000856522127 310000000.000000000000              nan   0.000000003770              inf              inf              nan              nan   0.000463716325              nan   0.027489332223   0.000856522127
             nan   0.084516593622   0.026881581943   0.000842867926   0.002454536635              inf   0.026882047903   0.000843510830 310000000.000000000000              nan   0.000000003339              inf              inf              nan              nan   0.000439887540              nan   0.026882047903   0.000843510830
             nan   0.081508449746   0.026464628285   0.000833325699   0.002406200334              inf   0.026465117990   0.000833993069 310000000.000000000000              nan   0.000000003049              inf              inf              nan              nan   0.000423847794              nan   0.026465117990   0.000833993069
             nan   0.079760070647   0.026214821893   0.000827342854   0.002377936439              inf   0.026215356953   0.000828020608 310000000.000000000000              nan   0.000000002867              inf              inf              nan              nan   0.000414106871              nan   0.026215356953   0.000828020608
             nan   0.078851996213   0.026082586075   0.000824089496   0.002363204645              inf   0.026083175138   0.000824765416 310000000.000000000000              nan   0.000000002759              inf              inf              nan              nan   0.000408567472              nan   0.026083175138   0.000824765416
             nan   0.078395101518   0.026015323917   0.000822414991   0.002355780518              inf   0.026015963936   0.000823079479 310000000.000000000000              nan   0.000000002695              inf              inf              nan              nan   0.000405283972              nan   0.026015963936   0.000823079479
             nan   0.078215011498   0.025988653817   0.000821756317   0.002352854521              inf   0.025989335984   0.000822401090 310000000.000000000000              nan   0.000000002662              inf              inf              nan              nan   0.000403384495              nan   0.025989335984   0.000822401090
             nan   0.078173560924   0.025982578262   0.000821627498   0.002352184417              inf   0.025983290053   0.000822245406 310000000.000000000000              nan   0.000000002646              inf              inf              nan              nan   0.000402178215              nan   0.025983290053   0.000822245406
             nan   0.078170909367   0.025982289324   0.000821652040   0.002352153485              inf   0.025983016213   0.000822236741 310000000.000000000000              nan   0.000000002638              inf              inf              nan              nan   0.000401165931              nan   0.025983016213   0.000822236741
