  0.000000000000   0.026663258604  -0.008333349195
  0.032647058824   0.026867070276  -0.007817210563
  0.065294117647   0.025791599780  -0.006826743740
  0.097941176471   0.023564706327  -0.005943800298
  0.130588235294   0.021118103352  -0.005272613001
  0.163235294118   0.018795805689  -0.004769266430
  0.195882352941   0.016873979101  -0.004346042781
  0.228529411765   0.015546467045  -0.003928834180
  0.261176470588   0.014655498413  -0.003485419936
  0.293823529412   0.014128333970  -0.003007364957
  0.326470588235   0.013907094811  -0.002490310410
  0.359117647059   0.013933797777  -0.001932231116
  0.391764705882   0.014170651894  -0.001328419472
  0.424411764706   0.014547914691  -0.000684920322
  0.457058823529   0.014995582523  -0.000016481406
  0.489705882353   0.015481825029   0.000668764509
  0.522352941176   0.015981099561   0.001371071341
  0.555000000000   0.016463596227   0.002172808353
